Default,0
0.0 0.0 0.0 -0.010508847930001348 0.0
0.05 5.046280837235649 5.0 0.012052200483911181 1.0513651560218076
0.05 0.003719162764351136 -1.0028948984164288e-05 -0.015836688826428705 0.05435092166458955
0.1 5.092571035680522 5.00005269168806 0.018380446272653242 1.080267153496184
0.1 0.012714751742884722 -2.6596757902730417e-05 -0.019093255757488 0.08644243844308591
0.15 5.138869865427887 5.000143455132277 0.022338471811196865 1.098156526794903
0.15 0.024751354408551585 -4.7610382853946476e-05 -0.021203502201850032 0.10857716447554194
0.2 5.1851798086263585 5.000262371502954 0.02496112589091434 1.1097935927160174
0.2 0.038778016344694244 -7.172066186100778e-05 -0.02260602114679611 0.12549253991213616
0.25 5.231504006219435 5.000402525224558 0.02673584017953688 1.1173685656893235
0.25 0.05421801637109658 -9.79592511081151e-05 -0.023518936935356418 0.1390315255802787
0.3 5.277845119975955 5.000558481346864 0.02790768526839876 1.1220788211704953
0.3 0.07069677325052481 -0.0001255913705731082 -0.02407632794061172 0.1499283869013357
0.35 5.3242047302802 5.000725676342174 0.028631839912055892 1.1247319299116623
0.35 0.08793737022322556 -0.0001540621595630398 -0.02437989303226161 0.158493671068952
0.4 5.370582951897029 5.000900290744479 0.029030802564583874 1.1259736965740144
0.4 0.10572026221561037 -0.00018297493398433673 -0.02451719748919239 0.1648824052628135
0.45 5.420039035610177 5.001079294757346 0.029213746298178172 1.1263666818302531
0.45 0.1208068090790313 -0.00021207613044316176 -0.024565237002591077 0.16921336256344388
0.5 5.46953498007149 5.001260514686859 0.02927899674602536 1.126396092240467
0.5 0.13608968822905787 -0.00021207613044316176 -0.024565237002591077 0.1716586356097229
0.55 5.46953498007149 5.001260514686859 0.02927899674602536 1.126396092240467
0.55 4.999999996147365 4.999999996147365 0.0 0.9999999992294725
0.6 5.000000006521188 5.000000006521188 0.0 1.000000001304238
0.6 4.999999996147365 4.999999996147365 0.0 0.9999999992294725
0.65 5.000000006521188 5.000000006521188 0.0 1.000000001304238
0.65 4.999999996147365 4.999999996147365 0.0 0.9999999992294725
0.7 5.000000006521188 5.000000006521188 0.0 1.000000001304238
0.7 4.999999996147365 4.999999996147365 0.0 0.9999999992294725
0.75 5.000000006521188 5.000000006521188 0.0 1.000000001304238
0.75 4.999999996147365 4.999999996147365 0.0 0.9999999992294725
0.8 5.000000006521188 5.000000006521188 0.0 1.000000001304238
0.8 4.999999996147365 4.999999996147365 0.0 0.9999999992294725
0.85 5.000000006521188 5.000000006521188 0.0 1.000000001304238
0.85 4.999999996147365 4.999999996147365 0.0 0.9999999992294725
0.9 5.000000006521188 5.000000006521188 0.0 1.000000001304238
0.9 4.999999996147365 4.999999996147365 0.0 0.9999999992294725
0.95 5.000000006521188 5.000000006521188 0.0 1.000000001304238
0.95 4.999999996147365 4.999999996147365 0.0 0.9999999992294725
1.0 5.000000006521188 5.000000006521188 0.0 1.000000001304238
1.0 4.999999996147365 4.999999996147365 0.0 0.9999999992294725
1.05 5.000000006521188 5.000000006521188 0.0 1.000000001304238
1.05 4.999999996147365 4.999999996147365 0.0 0.9999999992294725
1.1 5.000000006521188 5.000000006521188 0.0 1.000000001304238
1.1 4.999999996147365 4.999999996147365 0.0 0.9999999992294725
1.15 5.000000006521188 5.000000006521188 0.0 1.000000001304238
1.15 4.999999996147365 4.999999996147365 0.0 0.9999999992294725
1.2 5.000000006521188 5.000000006521188 0.0 1.000000001304238
1.2 4.999999996147365 4.999999996147365 0.0 0.9999999992294725
1.25 5.000000006521188 5.000000006521188 0.0 1.000000001304238
1.25 4.999999996147365 4.999999996147365 0.0 0.9999999992294725
1.3 5.000000006521188 5.000000006521188 0.0 1.000000001304238
1.3 4.999999996147365 4.999999996147365 0.0 0.9999999992294725
1.35 5.000000006521188 5.000000006521188 0.0 1.000000001304238
1.35 4.999999996147365 4.999999996147365 0.0 0.9999999992294725
1.4 5.000000006521188 5.000000006521188 0.0 1.000000001304238
1.4 4.999999996147365 4.999999996147365 0.0 0.9999999992294725
1.45 5.000000006521188 5.000000006521188 0.0 1.000000001304238
1.45 4.999999996147365 4.999999996147365 0.0 0.9999999992294725
1.5 5.000000006521188 5.000000006521188 0.0 1.000000001304238
1.5 4.999999996147365 4.999999996147365 0.0 0.9999999992294725
1.55 5.000000006521188 5.000000006521188 0.0 1.000000001304238
1.55 4.999999996147365 4.999999996147365 0.0 0.9999999992294725
1.6 5.000000006521188 5.000000006521188 0.0 1.000000001304238
1.6 4.999999996147365 4.999999996147365 0.0 0.9999999992294725
1.65 5.000000006521188 5.000000006521188 0.0 1.000000001304238
1.65 4.999999996147365 4.999999996147365 0.0 0.9999999992294725
1.7 5.000000006521188 5.000000006521188 0.0 1.000000001304238
1.7 4.999999996147365 4.999999996147365 0.0 0.9999999992294725
1.75 5.000000006521188 5.000000006521188 0.0 1.000000001304238
1.75 4.999999996147365 4.999999996147365 0.0 0.9999999992294725
1.8 5.000000006521188 5.000000006521188 0.0 1.000000001304238
1.8 4.999999996147365 4.999999996147365 0.0 0.9999999992294725
1.85 5.000000006521188 5.000000006521188 0.0 1.000000001304238
1.85 4.999999996147365 4.999999996147365 0.0 0.9999999992294725
1.9 5.000000006521188 5.000000006521188 0.0 1.000000001304238
1.9 4.999999996147365 4.999999996147365 0.0 0.9999999992294725
1.95 5.000000006521188 5.000000006521188 0.0 1.000000001304238
1.95 4.999999996147365 4.999999996147365 0.0 0.9999999992294725
2.0 5.000000006521188 5.000000006521188 0.0 1.000000001304238
2.0 4.999999996147365 4.999999996147365 0.0 0.9999999992294725
2.05 5.000000006521188 5.000000006521188 0.0 1.000000001304238
2.05 4.999999996147365 4.999999996147365 0.0 0.9999999992294725
2.1 5.000000006521188 5.000000006521188 0.0 1.000000001304238
2.1 4.999999996147365 4.999999996147365 0.0 0.9999999992294725
2.15 5.000000006521188 5.000000006521188 0.0 1.000000001304238
2.15 4.999999996147365 4.999999996147365 0.0 0.9999999992294725
2.2 5.000000006521188 5.000000006521188 0.0 1.000000001304238
2.2 4.999999996147365 4.999999996147365 0.0 0.9999999992294725
2.25 5.000000006521188 5.000000006521188 0.0 1.000000001304238
2.25 4.999999996147365 4.999999996147365 0.0 0.9999999992294725
2.3 5.000000006521188 5.000000006521188 0.0 1.000000001304238
2.3 4.999999996147365 4.999999996147365 0.0 0.9999999992294725
2.35 5.000000006521188 5.000000006521188 0.0 1.000000001304238
2.35 4.999999996147365 4.999999996147365 0.0 0.9999999992294725
2.4 5.000000006521188 5.000000006521188 0.0 1.000000001304238
2.4 4.999999996147365 4.999999996147365 0.0 0.9999999992294725
2.45 5.000000006521188 5.000000006521188 0.0 1.000000001304238
2.45 4.999999996147365 4.999999996147365 0.0 0.9999999992294725
2.5 5.000000006521188 5.000000006521188 0.0 1.000000001304238
2.5 4.999999996147365 4.999999996147365 0.0 0.9999999992294725
2.55 5.000000006521188 5.000000006521188 0.0 1.000000001304238
2.55 4.999999996147365 4.999999996147365 0.0 0.9999999992294725
2.6 5.000000006521188 5.000000006521188 0.0 1.000000001304238
2.6 4.999999996147365 4.999999996147365 0.0 0.9999999992294725
2.65 5.000000006521188 5.000000006521188 0.0 1.000000001304238
2.65 4.999999996147365 4.999999996147365 0.0 0.9999999992294725
2.7 5.000000006521188 5.000000006521188 0.0 1.000000001304238
2.7 4.999999996147365 4.999999996147365 0.0 0.9999999992294725
2.75 5.000000006521188 5.000000006521188 0.0 1.000000001304238
2.75 4.999999996147365 4.999999996147365 0.0 0.9999999992294725
2.8 5.000000006521188 5.000000006521188 0.0 1.000000001304238
2.8 4.999999996147365 4.999999996147365 0.0 0.9999999992294725
2.85 5.000000006521188 5.000000006521188 0.0 1.000000001304238
2.85 4.999999996147365 4.999999996147365 0.0 0.9999999992294725
2.9 5.000000006521188 5.000000006521188 0.0 1.000000001304238
2.9 4.999999996147365 4.999999996147365 0.0 0.9999999992294725
2.95 5.000000006521188 5.000000006521188 0.0 1.000000001304238
2.95 4.999999996147365 4.999999996147365 0.0 0.9999999992294725
3.0 5.000000006521188 5.000000006521188 0.0 1.000000001304238
3.0 4.999999996147365 4.999999996147365 0.0 0.9999999992294725
3.05 5.000000006521188 5.000000006521188 0.0 1.000000001304238
3.05 4.999999996147365 4.999999996147365 0.0 0.9999999992294725
3.1 5.000000006521188 5.000000006521188 0.0 1.000000001304238
3.1 4.999999996147365 4.999999996147365 0.0 0.9999999992294725
3.15 5.000000006521188 5.000000006521188 0.0 1.000000001304238
3.15 4.999999996147365 4.999999996147365 0.0 0.9999999992294725
3.2 5.000000006521188 5.000000006521188 0.0 1.000000001304238
3.2 4.999999996147365 4.999999996147365 0.0 0.9999999992294725
3.25 5.000000006521188 5.000000006521188 0.0 1.000000001304238
3.25 4.999999996147365 4.999999996147365 0.0 0.9999999992294725
3.3 5.000000006521188 5.000000006521188 0.0 1.000000001304238
3.3 4.999999996147365 4.999999996147365 0.0 0.9999999992294725
3.35 5.000000006521188 5.000000006521188 0.0 1.000000001304238
3.35 4.999999996147365 4.999999996147365 0.0 0.9999999992294725
3.4 5.000000006521188 5.000000006521188 0.0 1.000000001304238
3.4 4.999999996147365 4.999999996147365 0.0 0.9999999992294725
3.45 5.000000006521188 5.000000006521188 0.0 1.000000001304238
3.45 4.999999996147365 4.999999996147365 0.0 0.9999999992294725
3.5 5.000000006521188 5.000000006521188 0.0 1.000000001304238
3.5 4.999999996147365 4.999999996147365 0.0 0.9999999992294725
3.55 5.000000006521188 5.000000006521188 0.0 1.000000001304238
3.55 4.999999996147365 4.999999996147365 0.0 0.9999999992294725
3.6 5.000000006521188 5.000000006521188 0.0 1.000000001304238
3.6 4.999999996147365 4.999999996147365 0.0 0.9999999992294725
3.65 5.000000006521188 5.000000006521188 0.0 1.000000001304238
3.65 4.999999996147365 4.999999996147365 0.0 0.9999999992294725
3.7 5.000000006521188 5.000000006521188 0.0 1.000000001304238
3.7 4.999999996147365 4.999999996147365 0.0 0.9999999992294725
3.75 5.000000006521188 5.000000006521188 0.0 1.000000001304238
3.75 4.999999996147365 4.999999996147365 0.0 0.9999999992294725
3.8 5.000000006521188 5.000000006521188 0.0 1.000000001304238
3.8 4.999999996147365 4.999999996147365 0.0 0.9999999992294725
3.85 5.000000006521188 5.000000006521188 0.0 1.000000001304238
3.85 4.999999996147365 4.999999996147365 0.0 0.9999999992294725
3.9 5.000000006521188 5.000000006521188 0.0 1.000000001304238
3.9 4.999999996147365 4.999999996147365 0.0 0.9999999992294725
3.95 5.000000006521188 5.000000006521188 0.0 1.000000001304238
3.95 4.999999996147365 4.999999996147365 0.0 0.9999999992294725
4.0 5.000000006521188 5.000000006521188 0.0 1.000000001304238
4.0 4.999999996147365 4.999999996147365 0.0 0.9999999992294725
4.05 5.000000006521188 5.000000006521188 0.0 1.000000001304238
4.05 4.999999996147365 4.999999996147365 0.0 0.9999999992294725
4.1 5.000000006521188 5.000000006521188 0.0 1.000000001304238
4.1 4.999999996147365 4.999999996147365 0.0 0.9999999992294725
4.15 5.000000006521188 5.000000006521188 0.0 1.000000001304238
4.15 4.999999996147365 4.999999996147365 0.0 0.9999999992294725
4.2 5.000000006521188 5.000000006521188 0.0 1.000000001304238
4.2 4.999999996147365 4.999999996147365 0.0 0.9999999992294725
4.25 5.000000006521188 5.000000006521188 0.0 1.000000001304238
4.25 4.999999996147365 4.999999996147365 0.0 0.9999999992294725
4.3 5.000000006521188 5.000000006521188 0.0 1.000000001304238
4.3 4.999999996147365 4.999999996147365 0.0 0.9999999992294725
4.35 5.000000006521188 5.000000006521188 0.0 1.000000001304238
4.35 4.999999996147365 4.999999996147365 0.0 0.9999999992294725
4.4 5.000000006521188 5.000000006521188 0.0 1.000000001304238
4.4 4.999999996147365 4.999999996147365 0.0 0.9999999992294725
4.45 5.000000006521188 5.000000006521188 0.0 1.000000001304238
4.45 4.999999996147365 4.999999996147365 0.0 0.9999999992294725
4.5 5.000000006521188 5.000000006521188 0.0 1.000000001304238
4.5 4.999999996147365 4.999999996147365 0.0 0.9999999992294725
4.55 5.000000006521188 5.000000006521188 0.0 1.000000001304238
4.55 4.999999996147365 4.999999996147365 0.0 0.9999999992294725
4.6 5.000000006521188 5.000000006521188 0.0 1.000000001304238
4.6 4.999999996147365 4.999999996147365 0.0 0.9999999992294725
4.65 5.000000006521188 5.000000006521188 0.0 1.000000001304238
4.65 4.999999996147365 4.999999996147365 0.0 0.9999999992294725
4.7 5.000000006521188 5.000000006521188 0.0 1.000000001304238
4.7 4.999999996147365 4.999999996147365 0.0 0.9999999992294725
4.75 5.000000006521188 5.000000006521188 0.0 1.000000001304238
4.75 4.999999996147365 4.999999996147365 0.0 0.9999999992294725
4.8 5.000000006521188 5.000000006521188 0.0 1.000000001304238
4.8 4.999999996147365 4.999999996147365 0.0 0.9999999992294725
4.85 5.000000006521188 5.000000006521188 0.0 1.000000001304238
4.85 4.999999996147365 4.999999996147365 0.0 0.9999999992294725
4.9 5.000000006521188 5.000000006521188 0.0 1.000000001304238
4.9 4.999999996147365 4.999999996147365 0.0 0.9999999992294725
4.95 5.000000006521188 5.000000006521188 0.0 1.000000001304238
4.95 4.999999996147365 4.999999996147365 0.0 0.9999999992294725
5.0 5.000000006521188 5.000000006521188 0.0 1.000000001304238
5.0 4.999999996147365 4.999999996147365 0.0 0.9999999992294725
5.05 5.000000006521188 5.000000006521188 0.0 1.000000001304238
5.05 4.999999996147365 4.999999996147365 0.0 0.9999999992294725
5.1 5.000000006521188 5.000000006521188 0.0 1.000000001304238
5.1 4.999999996147365 4.999999996147365 0.0 0.9999999992294725
5.15 5.000000006521188 5.000000006521188 0.0 1.000000001304238
5.15 4.999999996147365 4.999999996147365 0.0 0.9999999992294725
5.2 5.000000006521188 5.000000006521188 0.0 1.000000001304238
5.2 4.999999996147365 4.999999996147365 0.0 0.9999999992294725
5.25 5.000000006521188 5.000000006521188 0.0 1.000000001304238
5.25 4.999999996147365 4.999999996147365 0.0 0.9999999992294725
5.3 5.000000006521188 5.000000006521188 0.0 1.000000001304238
5.3 4.999999996147365 4.999999996147365 0.0 0.9999999992294725
5.35 5.000000006521188 5.000000006521188 0.0 1.000000001304238
5.35 4.999999996147365 4.999999996147365 0.0 0.9999999992294725
5.4 5.000000006521188 5.000000006521188 0.0 1.000000001304238
5.4 4.999999996147365 4.999999996147365 0.0 0.9999999992294725
5.45 5.000000006521188 5.000000006521188 0.0 1.000000001304238
5.45 4.999999996147365 4.999999996147365 0.0 0.9999999992294725
5.5 5.000000006521188 5.000000006521188 0.0 1.000000001304238
5.5 4.999999996147365 4.999999996147365 0.0 0.9999999992294725
5.55 5.000000006521188 5.000000006521188 0.0 1.000000001304238
5.55 4.999999996147365 4.999999996147365 0.0 0.9999999992294725
5.6 5.000000006521188 5.000000006521188 0.0 1.000000001304238
5.6 4.999999996147365 4.999999996147365 0.0 0.9999999992294725
5.65 5.000000006521188 5.000000006521188 0.0 1.000000001304238
5.65 4.999999996147365 4.999999996147365 0.0 0.9999999992294725
5.7 5.000000006521188 5.000000006521188 0.0 1.000000001304238
5.7 4.999999996147365 4.999999996147365 0.0 0.9999999992294725
5.75 5.000000006521188 5.000000006521188 0.0 1.000000001304238
5.75 4.999999996147365 4.999999996147365 0.0 0.9999999992294725
5.8 5.000000006521188 5.000000006521188 0.0 1.000000001304238
5.8 4.999999996147365 4.999999996147365 0.0 0.9999999992294725
5.85 5.000000006521188 5.000000006521188 0.0 1.000000001304238
5.85 4.999999996147365 4.999999996147365 0.0 0.9999999992294725
5.9 5.000000006521188 5.000000006521188 0.0 1.000000001304238
5.9 4.999999996147365 4.999999996147365 0.0 0.9999999992294725
5.95 5.000000006521188 5.000000006521188 0.0 1.000000001304238
5.95 4.999999996147365 4.999999996147365 0.0 0.9999999992294725
6.0 5.000000006521188 5.000000006521188 0.0 1.000000001304238
6.0 4.999999996147365 4.999999996147365 0.0 0.9999999992294725
6.05 5.000000006521188 5.000000006521188 0.0 1.000000001304238
6.05 4.999999996147365 4.999999996147365 0.0 0.9999999992294725
6.1 5.000000006521188 5.000000006521188 0.0 1.000000001304238
6.1 4.999999996147365 4.999999996147365 0.0 0.9999999992294725
6.15 5.000000006521188 5.000000006521188 0.0 1.000000001304238
6.15 4.999999996147365 4.999999996147365 0.0 0.9999999992294725
6.2 5.000000006521188 5.000000006521188 0.0 1.000000001304238
6.2 4.999999996147365 4.999999996147365 0.0 0.9999999992294725
6.25 5.000000006521188 5.000000006521188 0.0 1.000000001304238
6.25 4.999999996147365 4.999999996147365 0.0 0.9999999992294725
6.3 5.000000006521188 5.000000006521188 0.0 1.000000001304238
6.3 4.999999996147365 4.999999996147365 0.0 0.9999999992294725
6.35 5.000000006521188 5.000000006521188 0.0 1.000000001304238
6.35 4.999999996147365 4.999999996147365 0.0 0.9999999992294725
6.4 5.000000006521188 5.000000006521188 0.0 1.000000001304238
6.4 4.999999996147365 4.999999996147365 0.0 0.9999999992294725
6.45 5.000000006521188 5.000000006521188 0.0 1.000000001304238
6.45 4.999999996147365 4.999999996147365 0.0 0.9999999992294725
6.5 5.000000006521188 5.000000006521188 0.0 1.000000001304238
6.5 4.999999996147365 4.999999996147365 0.0 0.9999999992294725
6.55 5.000000006521188 5.000000006521188 0.0 1.000000001304238
6.55 4.999999996147365 4.999999996147365 0.0 0.9999999992294725
6.6 5.000000006521188 5.000000006521188 0.0 1.000000001304238
6.6 4.999999996147365 4.999999996147365 0.0 0.9999999992294725
6.65 5.000000006521188 5.000000006521188 0.0 1.000000001304238
6.65 4.999999996147365 4.999999996147365 0.0 0.9999999992294725
6.7 5.000000006521188 5.000000006521188 0.0 1.000000001304238
6.7 4.999999996147365 4.999999996147365 0.0 0.9999999992294725
6.75 5.000000006521188 5.000000006521188 0.0 1.000000001304238
6.75 4.999999996147365 4.999999996147365 0.0 0.9999999992294725
6.8 5.000000006521188 5.000000006521188 0.0 1.000000001304238
6.8 4.999999996147365 4.999999996147365 0.0 0.9999999992294725
6.85 5.000000006521188 5.000000006521188 0.0 1.000000001304238
6.85 4.999999996147365 4.999999996147365 0.0 0.9999999992294725
6.9 5.000000006521188 5.000000006521188 0.0 1.000000001304238
6.9 4.999999996147365 4.999999996147365 0.0 0.9999999992294725
6.95 5.000000006521188 5.000000006521188 0.0 1.000000001304238
6.95 4.999999996147365 4.999999996147365 0.0 0.9999999992294725
7.0 5.000000006521188 5.000000006521188 0.0 1.000000001304238
7.0 4.999999996147365 4.999999996147365 0.0 0.9999999992294725
7.05 5.000000006521188 5.000000006521188 0.0 1.000000001304238
7.05 4.999999996147365 4.999999996147365 0.0 0.9999999992294725
7.1 5.000000006521188 5.000000006521188 0.0 1.000000001304238
7.1 4.999999996147365 4.999999996147365 0.0 0.9999999992294725
7.15 5.000000006521188 5.000000006521188 0.0 1.000000001304238
7.15 4.999999996147365 4.999999996147365 0.0 0.9999999992294725
7.2 5.000000006521188 5.000000006521188 0.0 1.000000001304238
7.2 4.999999996147365 4.999999996147365 0.0 0.9999999992294725
7.25 5.000000006521188 5.000000006521188 0.0 1.000000001304238
7.25 4.999999996147365 4.999999996147365 0.0 0.9999999992294725
7.3 5.000000006521188 5.000000006521188 0.0 1.000000001304238
7.3 4.999999996147365 4.999999996147365 0.0 0.9999999992294725
7.35 5.000000006521188 5.000000006521188 0.0 1.000000001304238
7.35 4.999999996147365 4.999999996147365 0.0 0.9999999992294725
7.4 5.000000006521188 5.000000006521188 0.0 1.000000001304238
7.4 4.999999996147365 4.999999996147365 0.0 0.9999999992294725
7.45 5.000000006521188 5.000000006521188 0.0 1.000000001304238
7.45 4.999999996147365 4.999999996147365 0.0 0.9999999992294725
7.5 5.000000006521188 5.000000006521188 0.0 1.000000001304238
7.5 4.999999996147365 4.999999996147365 0.0 0.9999999992294725
7.55 5.000000006521188 5.000000006521188 0.0 1.000000001304238
7.55 4.999999996147365 4.999999996147365 0.0 0.9999999992294725
7.6 5.000000006521188 5.000000006521188 0.0 1.000000001304238
7.6 4.999999996147365 4.999999996147365 0.0 0.9999999992294725
7.65 5.000000006521188 5.000000006521188 0.0 1.000000001304238
7.65 4.999999996147365 4.999999996147365 0.0 0.9999999992294725
7.7 5.000000006521188 5.000000006521188 0.0 1.000000001304238
7.7 4.999999996147365 4.999999996147365 0.0 0.9999999992294725
7.75 5.000000006521188 5.000000006521188 0.0 1.000000001304238
7.75 4.999999996147365 4.999999996147365 0.0 0.9999999992294725
7.8 5.000000006521188 5.000000006521188 0.0 1.000000001304238
7.8 4.999999996147365 4.999999996147365 0.0 0.9999999992294725
7.85 5.000000006521188 5.000000006521188 0.0 1.000000001304238
7.85 4.999999996147365 4.999999996147365 0.0 0.9999999992294725
7.9 5.000000006521188 5.000000006521188 0.0 1.000000001304238
7.9 4.999999996147365 4.999999996147365 0.0 0.9999999992294725
7.95 5.000000006521188 5.000000006521188 0.0 1.000000001304238
7.95 4.999999996147365 4.999999996147365 0.0 0.9999999992294725
8.0 5.000000006521188 5.000000006521188 0.0 1.000000001304238
8.0 4.999999996147365 4.999999996147365 0.0 0.9999999992294725
8.05 5.000000006521188 5.000000006521188 0.0 1.000000001304238
8.05 4.999999996147365 4.999999996147365 0.0 0.9999999992294725
8.1 5.000000006521188 5.000000006521188 0.0 1.000000001304238
8.1 4.999999996147365 4.999999996147365 0.0 0.9999999992294725
8.15 5.000000006521188 5.000000006521188 0.0 1.000000001304238
8.15 4.999999996147365 4.999999996147365 0.0 0.9999999992294725
8.2 5.000000006521188 5.000000006521188 0.0 1.000000001304238
8.2 4.999999996147365 4.999999996147365 0.0 0.9999999992294725
8.25 5.000000006521188 5.000000006521188 0.0 1.000000001304238
8.25 4.999999996147365 4.999999996147365 0.0 0.9999999992294725
8.3 5.000000006521188 5.000000006521188 0.0 1.000000001304238
8.3 4.999999996147365 4.999999996147365 0.0 0.9999999992294725
8.35 5.000000006521188 5.000000006521188 0.0 1.000000001304238
8.35 4.999999996147365 4.999999996147365 0.0 0.9999999992294725
8.4 5.000000006521188 5.000000006521188 0.0 1.000000001304238
8.4 4.999999996147365 4.999999996147365 0.0 0.9999999992294725
8.45 5.000000006521188 5.000000006521188 0.0 1.000000001304238
8.45 4.999999996147365 4.999999996147365 0.0 0.9999999992294725
8.5 5.000000006521188 5.000000006521188 0.0 1.000000001304238
8.5 4.999999996147365 4.999999996147365 0.0 0.9999999992294725
8.55 5.000000006521188 5.000000006521188 0.0 1.000000001304238
8.55 4.999999996147365 4.999999996147365 0.0 0.9999999992294725
8.6 5.000000006521188 5.000000006521188 0.0 1.000000001304238
8.6 4.999999996147365 4.999999996147365 0.0 0.9999999992294725
8.65 5.000000006521188 5.000000006521188 0.0 1.000000001304238
8.65 4.999999996147365 4.999999996147365 0.0 0.9999999992294725
8.7 5.000000006521188 5.000000006521188 0.0 1.000000001304238
8.7 4.999999996147365 4.999999996147365 0.0 0.9999999992294725
8.75 5.000000006521188 5.000000006521188 0.0 1.000000001304238
8.75 4.999999996147365 4.999999996147365 0.0 0.9999999992294725
8.8 5.000000006521188 5.000000006521188 0.0 1.000000001304238
8.8 4.999999996147365 4.999999996147365 0.0 0.9999999992294725
8.85 5.000000006521188 5.000000006521188 0.0 1.000000001304238
8.85 4.999999996147365 4.999999996147365 0.0 0.9999999992294725
8.9 5.000000006521188 5.000000006521188 0.0 1.000000001304238
8.9 4.999999996147365 4.999999996147365 0.0 0.9999999992294725
8.95 5.000000006521188 5.000000006521188 0.0 1.000000001304238
8.95 4.999999996147365 4.999999996147365 0.0 0.9999999992294725
9.0 5.000000006521188 5.000000006521188 0.0 1.000000001304238
9.0 4.999999996147365 4.999999996147365 0.0 0.9999999992294725
9.05 5.000000006521188 5.000000006521188 0.0 1.000000001304238
9.05 4.999999996147365 4.999999996147365 0.0 0.9999999992294725
9.1 5.000000006521188 5.000000006521188 0.0 1.000000001304238
9.1 4.999999996147365 4.999999996147365 0.0 0.9999999992294725
9.15 5.000000006521188 5.000000006521188 0.0 1.000000001304238
9.15 4.999999996147365 4.999999996147365 0.0 0.9999999992294725
9.2 5.000000006521188 5.000000006521188 0.0 1.000000001304238
9.2 4.999999996147365 4.999999996147365 0.0 0.9999999992294725
9.25 5.000000006521188 5.000000006521188 0.0 1.000000001304238
9.25 4.999999996147365 4.999999996147365 0.0 0.9999999992294725
9.3 5.000000006521188 5.000000006521188 0.0 1.000000001304238
9.3 4.999999996147365 4.999999996147365 0.0 0.9999999992294725
9.35 5.000000006521188 5.000000006521188 0.0 1.000000001304238
9.35 4.999999996147365 4.999999996147365 0.0 0.9999999992294725
9.4 5.000000006521188 5.000000006521188 0.0 1.000000001304238
9.4 4.999999996147365 4.999999996147365 0.0 0.9999999992294725
9.45 5.000000006521188 5.000000006521188 0.0 1.000000001304238
9.45 4.999999996147365 4.999999996147365 0.0 0.9999999992294725
9.5 5.000000006521188 5.000000006521188 0.0 1.000000001304238
9.5 4.999999996147365 4.999999996147365 0.0 0.9999999992294725
9.55 5.000000006521188 5.000000006521188 0.0 1.000000001304238
9.55 4.999999996147365 4.999999996147365 0.0 0.9999999992294725
9.6 5.000000006521188 5.000000006521188 0.0 1.000000001304238
9.6 4.999999996147365 4.999999996147365 0.0 0.9999999992294725
9.65 5.000000006521188 5.000000006521188 0.0 1.000000001304238
9.65 4.999999996147365 4.999999996147365 0.0 0.9999999992294725
9.7 5.000000006521188 5.000000006521188 0.0 1.000000001304238
9.7 4.999999996147365 4.999999996147365 0.0 0.9999999992294725
9.75 5.000000006521188 5.000000006521188 0.0 1.000000001304238
9.75 4.999999996147365 4.999999996147365 0.0 0.9999999992294725
9.8 5.000000006521188 5.000000006521188 0.0 1.000000001304238
9.8 4.999999996147365 4.999999996147365 0.0 0.9999999992294725
9.85 5.000000006521188 5.000000006521188 0.0 1.000000001304238
9.85 4.999999996147365 4.999999996147365 0.0 0.9999999992294725
9.9 5.000000006521188 5.000000006521188 0.0 1.000000001304238
9.9 4.999999996147365 4.999999996147365 0.0 0.9999999992294725
9.95 5.000000006521188 5.000000006521188 0.0 1.000000001304238
