Default
0.0 3.1046650852967477 1.3097754677455424 -8.15040028402172e-40 0.7335330599184245
0.05 3.141341738292669 1.3097754677455424 0.003297072739230868 0.7665043870822513
0.1 3.179666749336207 1.3099018285525614 0.005242086794959528 0.7854423943850252
0.15 3.2189383294680978 1.3101076954698965 0.006512736913321414 0.7977493406878153
0.2 3.258824950577221 1.310367470212398 0.007391007250784634 0.8064080096064346
0.25 3.2991442497715355 1.3106654758714933 0.008002867538359111 0.8127046598235033
0.3 3.3397781815098484 1.3109906707872532 0.008415422323555534 0.817271100640404
0.35 3.3806402895855547 1.311334550801564 0.00867483554638501 0.8204838326681047
0.4 3.421662937636575 1.311690424453955 0.008820359930250765 0.8226175189376658
0.45 3.4627922136284783 1.312053208879981 0.008888722919468472 0.8239051758680579
0.5 3.503985845026356 1.3124193772991561 0.008914007751563592 0.8245645428284774
0.55 4.999999999987622 4.999999999987622 0.0 0.9999999999975244
0.6 4.999999999987622 4.999999999987622 0.0 0.9999999999975244
0.65 4.999999999987622 4.999999999987622 0.0 0.9999999999975244
0.7 4.999999999987622 4.999999999987622 0.0 0.9999999999975244
0.75 4.999999999987622 4.999999999987622 0.0 0.9999999999975244
0.8 4.999999999987622 4.999999999987622 0.0 0.9999999999975244
0.85 4.999999999987622 4.999999999987622 0.0 0.9999999999975244
0.9 4.999999999987622 4.999999999987622 0.0 0.9999999999975244
0.95 4.999999999987622 4.999999999987622 0.0 0.9999999999975244
1.0 4.999999999987622 4.999999999987622 0.0 0.9999999999975244
1.05 4.999999999987622 4.999999999987622 0.0 0.9999999999975244
1.1 4.999999999987622 4.999999999987622 0.0 0.9999999999975244
1.15 4.999999999987622 4.999999999987622 0.0 0.9999999999975244
1.2 4.999999999987622 4.999999999987622 0.0 0.9999999999975244
1.25 4.999999999987622 4.999999999987622 0.0 0.9999999999975244
1.3 4.999999999987622 4.999999999987622 0.0 0.9999999999975244
1.35 4.999999999987622 4.999999999987622 0.0 0.9999999999975244
1.4 4.999999999987622 4.999999999987622 0.0 0.9999999999975244
1.45 4.999999999987622 4.999999999987622 0.0 0.9999999999975244
1.5 4.999999999987622 4.999999999987622 0.0 0.9999999999975244
1.55 4.999999999987622 4.999999999987622 0.0 0.9999999999975244
1.6 4.999999999987622 4.999999999987622 0.0 0.9999999999975244
1.65 4.999999999987622 4.999999999987622 0.0 0.9999999999975244
1.7 4.999999999987622 4.999999999987622 0.0 0.9999999999975244
1.75 4.999999999987622 4.999999999987622 0.0 0.9999999999975244
1.8 4.999999999987622 4.999999999987622 0.0 0.9999999999975244
1.85 4.999999999987622 4.999999999987622 0.0 0.9999999999975244
1.9 4.999999999987622 4.999999999987622 0.0 0.9999999999975244
1.95 4.999999999987622 4.999999999987622 0.0 0.9999999999975244
2.0 4.999999999987622 4.999999999987622 0.0 0.9999999999975244
2.05 4.999999999987622 4.999999999987622 0.0 0.9999999999975244
2.1 4.999999999987622 4.999999999987622 0.0 0.9999999999975244
2.15 4.999999999987622 4.999999999987622 0.0 0.9999999999975244
2.2 4.999999999987622 4.999999999987622 0.0 0.9999999999975244
2.25 4.999999999987622 4.999999999987622 0.0 0.9999999999975244
2.3 4.999999999987622 4.999999999987622 0.0 0.9999999999975244
2.35 4.999999999987622 4.999999999987622 0.0 0.9999999999975244
2.4 4.999999999987622 4.999999999987622 0.0 0.9999999999975244
2.45 4.999999999987622 4.999999999987622 0.0 0.9999999999975244
2.5 4.999999999987622 4.999999999987622 0.0 0.9999999999975244
2.55 4.999999999987622 4.999999999987622 0.0 0.9999999999975244
2.6 4.999999999987622 4.999999999987622 0.0 0.9999999999975244
2.65 4.999999999987622 4.999999999987622 0.0 0.9999999999975244
2.7 4.999999999987622 4.999999999987622 0.0 0.9999999999975244
2.75 4.999999999987622 4.999999999987622 0.0 0.9999999999975244
2.8 4.999999999987622 4.999999999987622 0.0 0.9999999999975244
2.85 4.999999999987622 4.999999999987622 0.0 0.9999999999975244
2.9 4.999999999987622 4.999999999987622 0.0 0.9999999999975244
2.95 4.999999999987622 4.999999999987622 0.0 0.9999999999975244
3.0 4.999999999987622 4.999999999987622 0.0 0.9999999999975244
3.05 4.999999999987622 4.999999999987622 0.0 0.9999999999975244
3.1 4.999999999987622 4.999999999987622 0.0 0.9999999999975244
3.15 4.999999999987622 4.999999999987622 0.0 0.9999999999975244
3.2 4.999999999987622 4.999999999987622 0.0 0.9999999999975244
3.25 4.999999999987622 4.999999999987622 0.0 0.9999999999975244
3.3 4.999999999987622 4.999999999987622 0.0 0.9999999999975244
3.35 4.999999999987622 4.999999999987622 0.0 0.9999999999975244
3.4 4.999999999987622 4.999999999987622 0.0 0.9999999999975244
3.45 4.999999999987622 4.999999999987622 0.0 0.9999999999975244
3.5 4.999999999987622 4.999999999987622 0.0 0.9999999999975244
3.55 4.999999999987622 4.999999999987622 0.0 0.9999999999975244
3.6 4.999999999987622 4.999999999987622 0.0 0.9999999999975244
3.65 4.999999999987622 4.999999999987622 0.0 0.9999999999975244
3.7 4.999999999987622 4.999999999987622 0.0 0.9999999999975244
3.75 4.999999999987622 4.999999999987622 0.0 0.9999999999975244
3.8 4.999999999987622 4.999999999987622 0.0 0.9999999999975244
3.85 4.999999999987622 4.999999999987622 0.0 0.9999999999975244
3.9 4.999999999987622 4.999999999987622 0.0 0.9999999999975244
3.95 4.999999999987622 4.999999999987622 0.0 0.9999999999975244
4.0 4.999999999987622 4.999999999987622 0.0 0.9999999999975244
4.05 4.999999999987622 4.999999999987622 0.0 0.9999999999975244
4.1 4.999999999987622 4.999999999987622 0.0 0.9999999999975244
4.15 4.999999999987622 4.999999999987622 0.0 0.9999999999975244
4.2 4.999999999987622 4.999999999987622 0.0 0.9999999999975244
4.25 4.999999999987622 4.999999999987622 0.0 0.9999999999975244
4.3 4.999999999987622 4.999999999987622 0.0 0.9999999999975244
4.35 4.999999999987622 4.999999999987622 0.0 0.9999999999975244
4.4 4.999999999987622 4.999999999987622 0.0 0.9999999999975244
4.45 4.999999999987622 4.999999999987622 0.0 0.9999999999975244
4.5 4.999999999987622 4.999999999987622 0.0 0.9999999999975244
4.55 4.999999999987622 4.999999999987622 0.0 0.9999999999975244
4.6 4.999999999987622 4.999999999987622 0.0 0.9999999999975244
4.65 4.999999999987622 4.999999999987622 0.0 0.9999999999975244
4.7 4.999999999987622 4.999999999987622 0.0 0.9999999999975244
4.75 4.999999999987622 4.999999999987622 0.0 0.9999999999975244
4.8 4.999999999987622 4.999999999987622 0.0 0.9999999999975244
4.85 4.999999999987622 4.999999999987622 0.0 0.9999999999975244
4.9 4.999999999987622 4.999999999987622 0.0 0.9999999999975244
4.95 4.999999999987622 4.999999999987622 0.0 0.9999999999975244
5.0 4.999999999987622 4.999999999987622 0.0 0.9999999999975244
5.05 4.999999999987622 4.999999999987622 0.0 0.9999999999975244
5.1 4.999999999987622 4.999999999987622 0.0 0.9999999999975244
5.15 4.999999999987622 4.999999999987622 0.0 0.9999999999975244
5.2 4.999999999987622 4.999999999987622 0.0 0.9999999999975244
5.25 4.999999999987622 4.999999999987622 0.0 0.9999999999975244
5.3 4.999999999987622 4.999999999987622 0.0 0.9999999999975244
5.35 4.999999999987622 4.999999999987622 0.0 0.9999999999975244
5.4 4.999999999987622 4.999999999987622 0.0 0.9999999999975244
5.45 4.999999999987622 4.999999999987622 0.0 0.9999999999975244
5.5 4.999999999987622 4.999999999987622 0.0 0.9999999999975244
5.55 4.999999999987622 4.999999999987622 0.0 0.9999999999975244
5.6 4.999999999987622 4.999999999987622 0.0 0.9999999999975244
5.65 4.999999999987622 4.999999999987622 0.0 0.9999999999975244
5.7 4.999999999987622 4.999999999987622 0.0 0.9999999999975244
5.75 4.999999999987622 4.999999999987622 0.0 0.9999999999975244
5.8 4.999999999987622 4.999999999987622 0.0 0.9999999999975244
5.85 4.999999999987622 4.999999999987622 0.0 0.9999999999975244
5.9 4.999999999987622 4.999999999987622 0.0 0.9999999999975244
5.95 4.999999999987622 4.999999999987622 0.0 0.9999999999975244
6.0 4.999999999987622 4.999999999987622 0.0 0.9999999999975244
6.05 4.999999999987622 4.999999999987622 0.0 0.9999999999975244
6.1 4.999999999987622 4.999999999987622 0.0 0.9999999999975244
6.15 4.999999999987622 4.999999999987622 0.0 0.9999999999975244
6.2 4.999999999987622 4.999999999987622 0.0 0.9999999999975244
6.25 4.999999999987622 4.999999999987622 0.0 0.9999999999975244
6.3 4.999999999987622 4.999999999987622 0.0 0.9999999999975244
6.35 4.999999999987622 4.999999999987622 0.0 0.9999999999975244
6.4 4.999999999987622 4.999999999987622 0.0 0.9999999999975244
6.45 4.999999999987622 4.999999999987622 0.0 0.9999999999975244
6.5 4.999999999987622 4.999999999987622 0.0 0.9999999999975244
6.55 4.999999999987622 4.999999999987622 0.0 0.9999999999975244
6.6 4.999999999987622 4.999999999987622 0.0 0.9999999999975244
6.65 4.999999999987622 4.999999999987622 0.0 0.9999999999975244
6.7 4.999999999987622 4.999999999987622 0.0 0.9999999999975244
6.75 4.999999999987622 4.999999999987622 0.0 0.9999999999975244
6.8 4.999999999987622 4.999999999987622 0.0 0.9999999999975244
6.85 4.999999999987622 4.999999999987622 0.0 0.9999999999975244
6.9 4.999999999987622 4.999999999987622 0.0 0.9999999999975244
6.95 4.999999999987622 4.999999999987622 0.0 0.9999999999975244
7.0 4.999999999987622 4.999999999987622 0.0 0.9999999999975244
7.05 4.999999999987622 4.999999999987622 0.0 0.9999999999975244
7.1 4.999999999987622 4.999999999987622 0.0 0.9999999999975244
7.15 4.999999999987622 4.999999999987622 0.0 0.9999999999975244
7.2 4.999999999987622 4.999999999987622 0.0 0.9999999999975244
7.25 4.999999999987622 4.999999999987622 0.0 0.9999999999975244
7.3 4.999999999987622 4.999999999987622 0.0 0.9999999999975244
7.35 4.999999999987622 4.999999999987622 0.0 0.9999999999975244
7.4 4.999999999987622 4.999999999987622 0.0 0.9999999999975244
7.45 4.999999999987622 4.999999999987622 0.0 0.9999999999975244
7.5 4.999999999987622 4.999999999987622 0.0 0.9999999999975244
7.55 4.999999999987622 4.999999999987622 0.0 0.9999999999975244
7.6 4.999999999987622 4.999999999987622 0.0 0.9999999999975244
7.65 4.999999999987622 4.999999999987622 0.0 0.9999999999975244
7.7 4.999999999987622 4.999999999987622 0.0 0.9999999999975244
7.75 4.999999999987622 4.999999999987622 0.0 0.9999999999975244
7.8 4.999999999987622 4.999999999987622 0.0 0.9999999999975244
7.85 4.999999999987622 4.999999999987622 0.0 0.9999999999975244
7.9 4.999999999987622 4.999999999987622 0.0 0.9999999999975244
7.95 4.999999999987622 4.999999999987622 0.0 0.9999999999975244
8.0 4.999999999987622 4.999999999987622 0.0 0.9999999999975244
8.05 4.999999999987622 4.999999999987622 0.0 0.9999999999975244
8.1 4.999999999987622 4.999999999987622 0.0 0.9999999999975244
8.15 4.999999999987622 4.999999999987622 0.0 0.9999999999975244
8.2 4.999999999987622 4.999999999987622 0.0 0.9999999999975244
8.25 4.999999999987622 4.999999999987622 0.0 0.9999999999975244
8.3 4.999999999987622 4.999999999987622 0.0 0.9999999999975244
8.35 4.999999999987622 4.999999999987622 0.0 0.9999999999975244
8.4 4.999999999987622 4.999999999987622 0.0 0.9999999999975244
8.45 4.999999999987622 4.999999999987622 0.0 0.9999999999975244
8.5 4.999999999987622 4.999999999987622 0.0 0.9999999999975244
8.55 4.999999999987622 4.999999999987622 0.0 0.9999999999975244
8.6 4.999999999987622 4.999999999987622 0.0 0.9999999999975244
8.65 4.999999999987622 4.999999999987622 0.0 0.9999999999975244
8.7 4.999999999987622 4.999999999987622 0.0 0.9999999999975244
8.75 4.999999999987622 4.999999999987622 0.0 0.9999999999975244
8.8 4.999999999987622 4.999999999987622 0.0 0.9999999999975244
8.85 4.999999999987622 4.999999999987622 0.0 0.9999999999975244
8.9 4.999999999987622 4.999999999987622 0.0 0.9999999999975244
8.95 4.999999999987622 4.999999999987622 0.0 0.9999999999975244
9.0 4.999999999987622 4.999999999987622 0.0 0.9999999999975244
9.05 4.999999999987622 4.999999999987622 0.0 0.9999999999975244
9.1 4.999999999987622 4.999999999987622 0.0 0.9999999999975244
9.15 4.999999999987622 4.999999999987622 0.0 0.9999999999975244
9.2 4.999999999987622 4.999999999987622 0.0 0.9999999999975244
9.25 4.999999999987622 4.999999999987622 0.0 0.9999999999975244
9.3 4.999999999987622 4.999999999987622 0.0 0.9999999999975244
9.35 4.999999999987622 4.999999999987622 0.0 0.9999999999975244
9.4 4.999999999987622 4.999999999987622 0.0 0.9999999999975244
9.45 4.999999999987622 4.999999999987622 0.0 0.9999999999975244
9.5 4.999999999987622 4.999999999987622 0.0 0.9999999999975244
9.55 4.999999999987622 4.999999999987622 0.0 0.9999999999975244
9.6 4.999999999987622 4.999999999987622 0.0 0.9999999999975244
9.65 4.999999999987622 4.999999999987622 0.0 0.9999999999975244
9.7 4.999999999987622 4.999999999987622 0.0 0.9999999999975244
9.75 4.999999999987622 4.999999999987622 0.0 0.9999999999975244
9.8 4.999999999987622 4.999999999987622 0.0 0.9999999999975244
9.85 4.999999999987622 4.999999999987622 0.0 0.9999999999975244
9.9 4.999999999987622 4.999999999987622 0.0 0.9999999999975244
9.95 4.999999999987622 4.999999999987622 0.0 0.9999999999975244
